3.24665
3.2478
3.24757
3.24688
3.24642
3.24711
3.24734
3.24619
3.0583
3.05807
3.05784
3.05761
3.24803
3.24826
3.24276
3.26476
3.24597
3.25444
3.25421
3.24872
3.2549
3.25467
3.24299
3.25399
3.24574
3.25513
3.26567
3.05853
3.24849
3.0599
3.24345
3.25559
3.26498
3.25376
3.24253
3.25582
3.25536
3.24322
3.24207
3.24894
3.25353
3.06036
3.06013
3.05738
3.24551
3.06059
3.26453
3.24184
3.26911
3.25628
3.26384
3.26521
4.31699
2.05419
3.26544
3.06082
1.00791
4.32042
4.32019
0.88807
0.8883
3.2659
4.31676
3.2533
0.88784
2.05396
3.25605
3.2439
3.24367
0.8828
6.90128
1.06314
3.2643
6.81879
3.24161
4.31492
4.32088
3.05967
1.00814
2.70816
0.88853
4.32065
6.90105
3.25307
3.26613
3.26223
4.32592
0.9756
4.31653
0.68734
4.32226
0.88876
3.26361
3.26934
3.24917
0.88761
0.85393
3.26201
6.81856
3.26888
0.93184
2.22834
0.93207
1.06291
0.68757
1.73728
4.3147
0.88326
2.27325
4.3163
2.70862
4.31722
0.85439
0.85484
4.32203
3.06105
0.97537
0.68711
2.70839
1.00952
1.73705
0.68986
3.26132
4.31515
3.25674
0.6878
3.26155
3.26178
3.2423
4.31997
6.81833
2.70793
0.88303
2.08741
2.05441
0.88257
4.56011
2.05373
4.32524
6.15747
1.00768
1.6195
1.05099
4.33005
3.25651
2.08764
1.00539
4.32386
0.68826
0.69009
3.24138
0.68894
3.24528
2.22627
0.91488
0.71804
0.93161
4.3273
4.32249
0.91305
6.81901
3.24413
3.43089
2.9357
1.00929
3.43547
3.26246
2.2265
1.00975
0.91259
2.1188
0.68963
4.31951
4.32409
4.31745
2.03471
3.26407
4.31905
6.90151
4.30759
3.42768
1.00562
2.93593
3.17447
2.45381
0.97583
0.71781
0.85461
0.91396
6.8181
3.42791
5.20653
4.32547
4.31974
1.61927
1.02418
1.02395
0.91282
1.61973
3.19212
1.00745
2.06221
0.93138
4.06768
1.61996
2.30349
0.68917
2.80234
2.08787
2.06198
4.31401
4.46753
1.0471
3.26957
5.2063
2.27348
1.04687
1.00172
3.26636
1.00722
0.85416
3.4357
0.71873
3.42951
1.00516
3.41622
2.93639
2.06633
0.91236
9.85541
3.04844
5.3337
0.91328
4.31928
2.27302
0.6894
1.48224
3.17424
4.32753
9.05157
2.06656
4.31378
4.32501
0.91419
2.79959
1.19008
2.22948
0.88097
2.70885
4.31424
2.29043
1.06268
0.68848
4.31561
0.68871
0.88715
3.42745
3.73863
4.32569
1.48247
1.00447
0.93115
0.91213
3.7455
3.62062
0.69032
4.46731
0.69055
4.30988
2.06152
0.9213
3.26865
0.88074
2.08718
0.22561
2.93616
1.00493
3.67538
3.04867
4.31607
4.3218
4.30782
2.11857
8.4975
1.00837
4.31538
6.0869
6.81993
1.06336
3.25765
3.27209
0.92107
3.43524
5.33347
2.30327
2.80257
2.22856
3.19189
0.69078
2.32251
3.42928
2.81105
2.70908
1.0102
1.00997
6.81924
2.8028
6.1577
10.81781
1.61904
-0.06517
2.22673
1.05122
3.25719
2.93547
2.22765
2.22925
3.42814
2.80303
3.25696
7.12217
1.4811
2.06175
3.26109
4.36534
6.82039
6.82016
3.05944
2.22719
0.71827
2.22696
6.90082
3.32823
8.71771
4.32111
1.19031
0.92932
3.27071
2.22811
3.545
7.17648
7.17625
1.05145
9.71334
1.02074
1.05076
7.93174
2.11903
4.48587
2.81586
0.85347
0.8537
2.22902
3.26063
4.32982
1.53288
6.89097
3.19028
6.81145
0.93321
-0.06494
4.46776
6.90174
0.9135
2.45679
1.73751
2.06679
0.68803
1.67633
4.0553
3.27025
6.92144
1.00195
1.37065
9.82951
4.55988
0.67703
8.70602
0.87455
3.07319
2.65798
3.25788
1.00241
0.86951
2.75422
4.31332
3.62864
3.26086
0.89082
2.06816
9.05134
4.07134
2.29227
6.56535
2.80922
3.92607
4.31355
3.29615
0.92954
3.27003
0.68551
2.03562
3.23382
6.92167
1.53105
8.06808
0.92909
1.61858
4.10847
0.88738
2.80624
1.53242
6.15725
0.90915
2.70564
0.68688
3.43501
0.7185
3.58441
6.87332
7.11644
8.71793
1.007
3.25284
3.2604
1.34338
2.79936
0.82528
3.25742
3.41599
3.42905
1.61881
4.12061
1.53082
0.92886
1.72513
0.95131
2.0331
1.2531
4.37244
3.67561
6.93198
3.43066
2.22879
3.0489
3.22397
3.67355
1.53769
2.01936
0.22584
4.30965
3.74504
2.0881
7.89576
2.93662
6.81787
0.88119
2.65821
3.07342
1.18985
2.38095
10.1164
4.47189
1.48041
4.32776
4.07157
2.06243
6.8928
4.30736
6.92121
7.374
1.25333
2.16601
3.05715
2.82549
0.82574
3.2698
3.74458
0.89128
2.45404
1.7249
4.33532
0.88234
9.02957
0.71896
0.91373
9.85518
9.0518
2.30372
2.03448
0.93298
2.33672
2.71664
3.74527
4.27872
2.08168
3.42974
3.67378
9.71288
1.53746
2.05487
2.29479
3.58831
1.61102
1.0015
1.73613
0.95177
1.01043
4.48541
2.67975
0.93023
3.7384
2.22604
3.41645
3.97946
3.97212
5.76724
3.17516
0.78702
1.06245
2.14401
-0.55714
0.10142
3.72809
7.1224
0.95223
2.74597
2.05327
0.88899
1.62019
4.32432
2.45358
2.22261
5.44598
5.21202
1.72468
3.54477
2.95564
10.81804
4.12084
3.98633
6.20216
2.22284
6.8197
1.30603
2.74368
3.1747
1.0251
3.56356
4.31584
6.87309
1.48018
4.30942
3.46663
6.08713
2.81609
3.29157
4.36511
3.2714
2.82022
2.22742
2.53035
3.23451
3.07434
2.08695
6.08667
9.68492
3.21251
1.00425
6.89303
6.69734
2.53081
6.90471
2.06839
3.26338
1.37088
0.90113
2.36376
3.2242
0.24715
1.0047
1.72445
3.19166
4.32707
0.89105
3.07365
4.32959
1.21758
3.89674
6.89555
3.29179
1.6761
2.40226
1.52555
2.01844
9.80316
1.4827
3.73886
2.79982
0.98637
4.12382
3.74481
7.37377
9.0738
0.92863
4.09197
2.81013
3.07411
10.43996
2.6133
1.48087
4.32615
8.03142
1.19329
8.79057
3.03538
3.74115
6.88661
4.05553
1.5409
4.32936
3.39537
2.0354
5.44621
1.75676
7.27501
2.69419
3.23405
2.86192
9.85564
2.03494
1.21781
-0.22122
4.31034
7.64737
1.04732
0.91465
2.47673
4.09174
0.68573
2.82044
3.42836
2.4545
3.34129
3.13391
4.06745
0.95154
3.29386
4.31011
0.66763
0.93
0.95108
2.01958
-0.16095
0.39197
2.98039
6.25555
2.0535
4.47166
0.90938
3.05875
4.71684
2.73177
0.92152
5.29795
0.67749
2.80211
4.68774
1.00218
3.89696
3.18501
3.97556
1.75446
3.25811
2.81036
2.80601
2.97764
0.31567
8.70579
3.07296
4.31447
1.53128
0.89586
7.17602
7.12767
0.01182
2.38553
7.89599
1.75469
0.34889
2.69441
6.89738
0.92084
2.33695
4.40337
6.96842
7.12744
4.48564
1.37019
0.44536
3.74435
1.53311
3.27186
1.47835
5.17307
6.15793
6.90013
7.92235
2.80349
9.82929
0.91992
3.23428
4.33555
1.34544
3.48725
2.70243
0.52144
0.3159
1.53792
3.35321
3.9751
2.08833
1.20589
6.55298
1.14517
5.20607
6.88959
2.82594
5.1206
4.32478
9.05111
9.82974
3.24963
0.15045
4.31309
0.79458
2.29066
0.92015
4.38344
2.29456
5.20675
2.07985
2.21986
2.45473
5.51243
6.82085
0.67726
3.41668
0.71759
10.11251
3.07388
0.88349
2.81403
1.35713
5.29887
3.18478
4.32363
1.48201
3.73931
2.46962
3.19235
10.09028
-0.56585
0.69146
3.29042
9.02934
4.31286
1.7382
1.45131
1.83787
6.89532
1.7304
-0.93134
-0.04134
-0.42264
0.31246
4.3092
1.04664
2.08879
1.34246
4.48518
0.68596
6.96819
8.49131
6.27136
1.75699
4.31103
2.80326
2.29502
3.67584
1.34223
1.75973
2.80647
9.87557
3.01682
4.85754
7.6476
3.29363
1.1454
9.84647
4.73518
7.93151
2.22009
4.4783
1.42221
1.71299
1.48132
1.00585
8.49154
3.3209
2.75445
3.58464
2.20015
5.22646
4.4861
3.27048
6.81741
7.17671
4.68751
1.02441
4.56034
-0.27163
6.88638
3.89788
1.3058
5.55437
2.95518
6.86232
6.89761
2.82526
4.31767
5.96614
1.34521
-0.12223
0.90342
10.43973
1.60735
2.86742
3.41576
5.29818
6.35568
4.1394
3.27232
4.66231
3.58418
7.1279
2.29204
-0.63964
1.20612
3.59312
2.48933
3.18181
5.98905
8.9787
3.29202
3.56608
4.31882
9.66545
5.12037
6.3896
0.68505
1.18527
2.81059
1.73842
0.9866
3.26017
4.0922
2.47535
1.43687
6.31306
2.08145
3.90819
4.50466
4.56103
7.81969
4.32272
0.58949
0.88372
0.16901
6.16572
1.45108
3.56425
2.9451
2.70931
5.2118
2.81082
2.44396
3.89719
1.36973
1.00906
6.90059
1.48064
7.18908
6.81947
2.30418
3.20632
4.38321
2.23154
7.81992
2.26454
6.90449
9.06257
2.30395
2.22788
2.73131
3.1873
3.44051
5.28237
1.43664
5.2826
2.74391
3.0615
3.32846
2.65775
0.24669
1.20566
0.93344
3.18662
1.36996
0.85759
2.36353
8.06671
1.02097
3.9263
0.92038
6.81191
3.21228
2.28723
2.08856
8.16341
4.63687
4.76817
2.52576
5.21225
0.92817
5.41757
8.83159
6.45215
3.72923
4.0718
8.06556
2.74345
2.45335
5.33324
1.34613
2.61307
0.69238
8.63109
0.69101
3.17539
7.11622
4.36557
6.86209
9.87534
7.37423
4.75946
8.90927
1.75424
-0.27186
3.29134
3.27117
2.72558
2.09956
3.89742
6.15816
0.952
5.29681
6.81718
1.02487
0.88051
3.88322
5.42765
0.91969
8.97756
2.05304
3.41507
2.17884
8.93746
2.93525
3.90796
3.21205
0.47057
3.73908
4.10869
6.31283
7.15471
2.73956
7.93197
9.71425
6.16549
3.41691
2.02325
0.22538
7.29564
4.30805
1.19352
3.04982
9.71311
3.97969
2.27371
2.20267
6.89578
0.89563
7.14692
7.30618
4.10915
1.18504
9.80362
2.52118
2.35574
7.2631
9.02911
1.02051
0.61814
1.46941
8.71198
3.03561
9.80293
9.02522
5.25808
4.32913
5.28329
3.42493
4.48357
9.71403
6.89326
7.13501
2.06702
1.36927
8.83182
5.33485
0.6037
0.15068
0.7224
6.2088
-0.33121
2.73979
1.45176
6.92969
2.82067
3.94073
4.25076
0.99898
10.81759
9.87511
2.52554
2.11926
2.16509
5.3353
3.72786
-0.66209
5.79543
3.84999
3.39674
5.21248
3.02072
5.32064
2.05464
9.80339
2.38324
1.60644
-0.12246
2.9467
2.06725
3.3956
6.8983
6.42878
4.5608
5.33508
2.41578
2.20382
2.41532
1.14563
0.85507
0.92313
6.8912
5.96545
2.48498
1.02464
3.63803
8.75895
0.85736
3.99
3.05005
7.23789
0.88692
1.42243
4.30713
3.56333
5.32087
4.17148
9.04859
2.67952
7.86827
5.98172
3.18708
0.82597
3.37772
8.97801
10.89824
0.9009
1.82321
3.70471
9.53117
1.37042
0.90892
5.40863
0.68436
6.89509
3.88299
3.28652
4.6371
2.2925
3.19143
2.53058
3.28996
3.17104
7.04266
3.1983
6.81122
6.26998
3.70448
2.9742
0.13098
4.0608
9.2468
3.62085
1.61308
4.10892
1.60712
3.71754
6.90426
7.64027
2.30441
6.20078
7.38271
9.48969
4.06722
-0.66645
-0.93111
2.6951
5.02711
2.03517
2.55739
8.03165
7.26333
6.25601
0.90984
5.33393
1.93595
3.67653
1.88897
1.73911
6.20262
6.69711
4.17171
4.93545
2.48521
6.23561
2.95839
0.71942
6.40312
3.29019
2.01867
4.74869
7.89554
2.23131
1.83764
5.40978
3.54523
7.15494
1.3459
2.67929
1.60621
3.18685
3.2934
2.11949
9.95234
3.06128
2.94647
1.00402
9.80202
4.12405
-0.88413
0.2334
0.40091
4.12038
1.48316
1.14494
9.44684
4.56538
5.30002
2.80028
2.4694
9.80156
6.2473
1.82275
1.72857
6.51975
1.73888
3.84541
4.13963
6.51998
7.32749
2.97787
6.24753
2.74574
9.78139
1.61125
0.90961
3.36856
8.00484
8.49727
-0.20151
1.15686
1.46964
3.28675
2.33718
2.14378
0.91007
1.73682
2.11835
4.05393
3.97533
1.82344
5.55414
-0.72327
3.27094
2.23177
8.97847
4.25099
7.26356
1.62431
2.81815
6.97254
2.05281
10.27749
9.14185
4.16415
-0.14193
6.32292
7.30595
6.01816
7.6146
7.89256
3.56562
2.22329
6.97231
2.28745
2.79913
4.06791
1.53265
1.61331
1.68343
0.89059
2.76224
9.97938
0.91511
7.81946
1.82367
4.11855
2.82571
6.08736
7.11965
1.15663
7.99842
0.86997
6.51884
2.2902
3.24505
6.96796
3.24436
2.20244
0.92977
0.23317
0.71919
6.62126
3.39399
6.37722
3.60962
9.73396
4.47808
4.68728
6.74867
0.68482
3.67309
0.61837
3.29065
0.68069
0.72217
1.73774
4.44439
2.40248
0.92061
8.79034
3.29592
1.62408
6.0177
8.86413
6.25578
1.87156
3.47099
3.56448
0.81726
6.90311
6.70307
2.76499
2.24025
4.21227
3.27255
0.68642
9.53094
4.17973
1.64333
9.4473
1.93618
10.91016
-0.29042
1.61079
10.92001
7.16869
1.45154
-0.74573
8.42807
8.45625
2.74414
-0.55027
1.18962
1.62981
8.89873
5.32018
3.9405
7.11942
0.69123
3.22672
2.2029
4.7354
0.68665
8.4283
6.06994
9.54354
1.93411
1.93847
8.12193
2.95541
6.81764
2.41555
6.64303
0.92404
2.94327
3.97808
2.94693
9.58227
3.0945
-0.1165
3.41485
3.84587
0.7987
4.18637
8.56349
4.76794
0.9284
0.2247
1.55557
7.66616
7.34696
3.88345
2.74001
8.13407
3.91919
4.2817
3.29317
3.65934
0.68528
6.23584
5.96751
6.16595
2.74735
2.39103
9.68515
2.16486
0.90319
8.98145
6.90838
6.18085
8.06831
4.75969
6.92488
6.10752
3.40545
-0.93936
3.83326
7.23766
7.34719
2.17907
0.93092
1.82298
0.93665
3.48703
0.86974
6.82062
4.3124
8.60909
3.89765
3.6834
4.11511
10.22089
6.01838
3.6763
5.81032
3.67332
5.54131
5.97874
4.23564
9.82768
7.14509
4.6497
6.81168
7.63958
6.18062
8.75918
3.45059
5.52252
5.2975
6.38937
8.92691
10.05087
5.29841
0.92336
0.60393
3.43111
5.30047
3.61603
4.56515
1.80442
0.16924
2.30304
1.14586
0.92198
4.87129
1.60896
1.76638
4.05416
3.42882
8.036
2.22971
9.11161
0.7806
0.59247
8.87513
6.05115
4.33578
0.91946
3.22374
1.30557
3.98587
6.92511
5.3211
8.16318
2.22352
0.94948
2.03585
3.41553
8.60863
8.06785
3.74367
0.27511
6.19803
0.58606
10.43881
2.03929
4.23541
3.26269
0.69467
9.44661
-0.7455
4.33028
1.61835
2.8099
0.69215
5.32041
3.19097
1.53219
0.69444
4.10824
4.18615
4.32844
5.9391
8.68998
6.72277
3.81195
5.96568
5.5122
2.61353
4.11809
4.31126
5.28191
2.8138
8.31418
4.38367
7.13478
1.53632
3.32067
9.34831
4.48335
5.40038
2.70541
1.84062
3.97235
5.97851
4.56378
4.06195
3.91507
6.59102
5.41046
0.57872
2.38576
2.19282
6.94023
-0.2313
8.3371
2.91989
6.35546
3.6779
5.13137
5.87563
2.61284
2.03746
1.92197
8.49773
7.11988
9.14231
9.44707
9.27773
2.80188
0.15549
6.83528
1.21735
2.97626
3.67607
2.69487
2.30808
3.33808
4.85777
6.90334
3.84564
7.26287
2.80005
6.92694
9.15193
7.29586
9.35221
0.24692
8.71725
0.79847
4.57088
3.29661
0.31612
6.42855
3.88276
2.37086
3.2494
1.72422
1.34888
0.81222
9.8467
5.29772
10.54055
8.60886
2.38347
1.56359
1.36881
1.47995
1.5228
9.30111
6.51906
3.56379
3.33785
10.22112
3.43318
0.82505
-0.04088
4.4036
8.06946
8.42165
0.82551
9.31738
9.48488
3.17562
1.93572
3.74413
3.58945
6.20239
9.1705
-0.93913
2.69464
2.36399
-0.54592
2.1974
2.22306
2.03952
0.6548
0.5219
2.08672
9.87489
0.94673
4.48243
6.78281
7.27478
2.06793
1.47812
9.75138
6.21889
1.04916
6.20537
0.26548
4.03262
0.24097
5.42788
2.6495
3.29684
2.81128
0.16878
0.78404
3.18158
9.58914
1.60873
1.61606
8.2876
7.26768
0.77831
3.85182
9.40949
1.53197
5.28214
8.68975
0.61791
2.82113
2.26431
1.42266
2.74712
4.31263
2.29685
8.60932
2.70587
5.21867
7.16777
2.32228
8.69021
9.0628
2.6094
4.4838
8.97824
0.26525
2.52462
-0.62955
3.18455
7.74315
8.10841
0.92175
0.86836
4.14284
1.00608
1.14334
1.10278
3.19051
10.70462
2.8067
5.35662
7.91685
9.90857
5.40015
3.16256
6.82956
1.14998
2.98016
5.29727
3.75054
2.83626
10.71974
9.85953
1.20543
6.92465
0.88394
1.00264
4.92743
0.69192
4.13986
10.59371
7.56625
4.34219
2.16578
5.97256
2.80051
3.58189
3.73817
2.86811
0.82689
0.28886
6.37745
2.0189
2.60963
10.03781
3.06769
-0.66622
9.04332
6.89142
2.20359
4.50489
2.53906
7.14921
7.2026
2.45427
2.73108
0.87386
0.69284
4.38894
9.62145
8.02958
2.23017
4.30897
2.74276
-0.52484
6.88684
5.19484
0.97744
6.89074
3.68432
4.91162
7.89233
0.77693
4.56057
6.20055
3.26659
7.27524
2.47512
3.9719
5.01519
7.92257
7.7168
7.29839
-0.02049
0.69169
6.50669
3.69234
3.43478
-0.122
4.3108
6.31627
3.59335
1.61537
9.40858
3.79293
1.18344
7.77959
9.53186
1.87133
9.71357
6.8236
4.13917
10.47845
0.79435
3.25834
-0.48817
3.91896
4.564
2.08008
2.64813
5.76701
0.97514
1.53724
4.28193
1.61285
3.06792
7.82267
0.10119
9.82791
9.69615
3.86534
1.15708
6.18337
5.54841
1.53701
6.52021
0.89724
4.66208
2.4765
3.13964
7.64004
7.06901
4.73563
6.31604
4.16369
8.80891
6.71613
4.68705
2.03723
6.82337
4.68522
1.65593
3.13414
2.29868
2.94533
-0.20174
0.78495
-0.89651
-0.89674
2.52141
2.48475
2.55762
0.44559
0.77716
5.31904
0.82666
7.24499
2.04227
6.19826
7.64783
2.81426
4.33509
1.61583
10.11274
2.19259
6.87355
3.05921
0.98798
3.97923
0.3922
3.06632
0.50288
2.22994
7.17167
0.86859
7.16892
3.88986
6.8142
2.0244
1.34361
4.32134
-0.77392
0.68459
5.17284
3.45128
5.41023
4.11832
10.28964
3.39651
4.93568
4.07822
5.20996
6.50646
0.79893
1.64356
4.16392
6.5099
2.18044
8.25713
-0.14216
9.78162
10.66108
0.89174
0.98775
3.75306
9.06073
3.84953
1.0086
2.83305
3.2879
4.84494
5.18132
0.05605
5.41207
7.64577
0.93046
1.67656
1.73636
1.14952
3.7439
2.94304
0.50311
6.51838
1.75653
6.1781
3.67217
6.69482
3.29523
2.32939
8.7908
7.20237
5.41734
3.729
1.20635
10.85791
6.89601
4.68935
-0.17172
0.68619
2.7391
1.14609
0.99875
9.25345
9.02545
5.56743
9.44753
6.93175
9.48992
3.13941
4.07203
0.72056
1.14975
3.81218
2.38278
7.6405
4.3328
0.8553
2.99024
-0.21778
6.35958
0.33812
4.46708
10.38931
9.06234
8.86298
6.79335
1.37729
0.81199
7.07932
-0.12269
0.27534
4.42423
5.55505
1.84085
8.8985
4.57111
6.83551
8.21748
0.43368
2.74254
2.1408
1.54113
10.60654
5.3227
4.24435
2.22054
5.55482
2.47627
-0.52804
0.76525
4.23518
0.26021
9.04882
1.53655
8.42188
7.12263
5.8951
1.92174
2.95862
2.08191
2.80945
0.34866
-0.7235
1.92266
1.39769
5.43361
10.89847
2.39126
7.05297
3.2863
-0.43959
1.0526
1.6156
3.92584
5.28168
3.06655
3.28973
2.64927
1.61789
3.25261
10.49816
10.03735
0.70269
2.7462
3.28584
3.9861
8.3057
-0.19372
9.29263
3.01659
1.7359
7.89279
0.79664
-0.04363
-0.22099
2.35551
0.39174
5.33416
10.91978
0.52167
7.71703
-0.02576
9.19983
5.1678
0.0274
3.25994
7.41089
3.7565
3.29638
3.89651
1.62958
1.04595
3.39628
1.05282
2.38301
0.75333
2.22467
8.069
9.27751
1.34475
8.56372
4.81033
6.92717
6.35591
2.53012
6.17764
2.4891
8.1217
5.20584
6.62791
1.52486
-0.14171
0.88188
-0.32892
0.87409
9.75161
3.84976
1.34567
3.18364
2.74322
1.86583
3.45105
3.72831
1.16648
3.18524
3.05692
6.9675
1.34498
6.92946
0.95269
5.85707
5.5672
0.28863
2.81838
7.16846
-0.29019
2.28677
0.77671
3.4247
-0.2384
1.72536
3.96548
2.2139
1.34315
4.11442
2.30785
3.067
3.71777
7.69939
3.13918
0.75356
2.81655
0.81245
4.93614
3.01705
3.03676
3.57662
2.32274
3.20037
10.27726
-0.10046
3.6158
10.43835
2.80899
3.295
8.06854
9.31623
0.44513
10.47868
4.24412
6.13089
5.15382
10.85012
3.328
4.91185
-0.43409
7.29541
3.58968
-0.0929
3.72854
6.05138
5.29864
3.56402
9.97915
-0.86786
6.22301
3.90842
0.85324
3.06677
0.78014
0.59339
8.89896
8.84396
8.56326
4.1048
3.42012
2.68754
8.37926
0.50861
1.35507
6.01861
4.16025
2.92012
1.19489
6.32315
1.58329
7.26745
0.77991
2.80738
1.54067
6.47919
4.05507
9.54331
1.3569
3.45082
4.37221
5.32133
3.29706
3.03584
8.99222
4.11465
3.75948
-0.59037
2.8209
7.11553
0.78381
4.55965
3.18914
0.67771
3.7219
10.59394
1.37111
2.35597
3.85503
-0.70975
1.81542
4.07111
-0.23107
10.17598
-0.11673
0.57827
7.04289
6.15862
3.17401
5.26381
9.04744
8.06579
6.24913
7.03739
7.92212
3.01728
0.05582
1.54617
2.22032
5.5546
4.50511
0.31269
-0.72305
2.76201
9.51238
7.29495
10.69247
4.74892
5.40061
2.16532
9.69111
9.36962
6.89715
5.22142
3.99023
4.3234
7.14669
2.15776
5.21019
7.11599
-0.04157
6.92671
6.51952
0.68046
2.02692
3.58808
8.8749
0.63326
2.93181
2.29845
1.35736
6.27159
9.8758
2.0606
1.08261
9.73167
9.80225
0.24326
1.00287
5.20561
1.06382
2.20038
1.9222
7.20214
4.97303
1.35163
7.75667
9.82997
5.80574
6.094
1.49484
1.05168
5.88479
0.84797
3.39514
2.03425
-0.39583
8.00507
4.37863
0.23295
9.31898
2.29891
0.77945
7.89691
1.93045
2.11101
8.47252
2.40271
4.10938
1.53678
8.23238
1.44856
3.30325
7.11667
8.71748
1.6541
6.42466
10.89802
4.97096
2.45656
-0.27209
9.58891
-0.02599
3.56677
1.11217
6.8999
6.38983
4.85731
1.8711
1.76821
2.38072
2.44373
0.69307
1.71368
2.9781
3.1676
2.37109
0.84774
2.19855
1.22056
3.9515
6.15839
7.66593
1.50241
5.18155
1.25355
1.68183
4.46799
4.85868
4.38252
7.97047
0.27557
4.73678
10.71951
-0.9389
3.84518
0.78266
2.70771
3.00559
3.71984
5.15978
5.81055
8.92714
1.02372
9.1084
2.67494
10.54719
7.17763
-0.52277
1.48339
0.27282
2.72535
4.94805
9.97663
6.34583
6.88936
1.67587
-0.74596
6.56558
3.1912
2.69785
2.1793
3.63826
3.06265
6.51929
0.6768
9.34854
2.38117
-0.02072
0.81749
0.78427
6.22278
1.05534
7.49224
4.31057
2.21963
2.97397
3.28607
10.4466
8.80913
5.21157
7.83756
1.73018
6.24776
-0.5466
8.75872
1.48178
9.75436
4.10526
4.49045
7.18885
4.33303
8.62811
2.20405
1.34865
0.34912
9.07219
8.72229
0.48455
6.2127
9.53163
2.46069
4.36442
1.37477
7.1169
4.38161
3.22443
3.28561
6.65449
4.37634
7.28647
4.3179
1.1855
2.23086
3.34152
0.95292
2.19946
5.58461
1.75951
6.21614
0.91442
8.03073
6.40289
9.55317
4.858
2.86834
3.20495
0.96781
3.43295
4.10503
4.32157
0.18826
1.53609
2.69006
3.46686
8.20809
4.18706
-0.70953
2.81861
10.47387
7.16754
9.44639
1.25287
6.94367
6.33369
6.82291
5.41069
1.92289
2.28929
9.05844
0.78725
7.97024
1.52578
3.38551
0.79229
3.97992
0.93367
3.03653
5.9721
6.92992
3.93523
-0.17356
6.82406
1.4371
6.62241
4.32799
4.06447
4.11878
0.24738
3.44578
7.00875
4.06057
1.64379
7.15242
9.07357
0.88165
9.65009
6.2056
2.44419
1.65616
0.22493
6.93657
10.11617
5.3046
6.62264
3.95127
4.48632
1.9387
0.15022
-0.81608
8.96541
6.26976
1.70016
0.78518
0.68138
7.14875
8.72206
4.03285
7.76034
1.47857
9.40972
5.91985
10.47822
0.13075
-0.43386
2.30464
4.05439
8.06648
5.50235
8.45648
2.38255
9.95211
5.97233
4.27597
9.63199
8.06533
7.13523
5.3628
7.47918
0.79114
-0.29798
0.22607
1.00883
9.41889
4.63893
0.90067
2.86581
8.03096
7.37194
9.35198
-0.04111
2.40959
4.56332
5.80643
1.88874
5.27939
4.44416
1.36904
5.40955
2.66554
8.71221
0.10233
2.73933
3.784
3.04821
6.56191
2.287
6.82818
10.47364
8.77087
2.9577
-0.92607
7.146
10.3169
4.84677
6.89784
1.02533
3.21274
7.11896
2.01981
5.33439
3.98977
7.17144
1.48293
4.3069
3.19074
6.20903
0.24349
9.01399
2.35643
2.14011
1.73063
6.71636
4.23495
5.32293
2.24048
6.82314
1.58215
0.87432
3.05623
0.33469
-0.23955
3.24115
2.07664
9.47228
2.33649
9.69592
2.86856
9.80179
2.88438
2.23108
3.29454
8.06969
2.76362
6.74913
0.73546
0.32942
6.01793
7.32703
2.67998
1.48155
1.49347
7.05526
6.39029
5.32316
2.27279
2.8759
1.75492
1.38944
3.62887
4.73701
4.56813
3.68455
3.61558
7.63523
7.05503
1.58352
1.91441
9.85976
5.22669
9.93492
3.67767
2.27096
7.18519
6.88913
7.02433
3.29225
7.39096
-0.1
1.51363
-0.74527
6.7489
4.37977
2.19557
9.30134
2.0551
1.5134
1.73797
1.92243
7.73445
10.401
5.42742
0.22515
6.20193
2.47696
6.58781
0.22447
4.37198
1.0031
4.66254
6.74592
4.2762
0.43345
4.11534
7.91662
7.01241
7.26378
2.74299
8.49177
0.95085
4.1795
3.42722
1.14471
10.36823
8.02569
7.79448
2.82503
5.13091
2.50812
3.25078
0.60439
9.87603
8.8639
2.2249
8.90904
-0.93157
8.13201
3.19991
4.63916
-0.04386
3.97487
9.92782
0.75448
5.91962
3.45036
7.16709
6.78785
-0.17195
3.56585
3.98564
1.93549
2.13989
0.97721
1.72559
8.83663
2.17861
10.00848
6.90288
0.88142
5.71843
7.58413
0.86515
4.68797
6.25532
7.0917
0.90044
8.56968
1.30351
1.43641
7.94343
-0.42241
2.7446
-0.89445
3.78377
6.02136
9.71242
2.32962
7.23743
-0.23818
8.1343
6.88386
10.28941
7.41112
6.16252
5.81009
8.06877
3.97579
-0.06471
8.96518
6.20285
3.37314
1.14425
6.16527
2.81563
1.58925
8.47275
8.16295
3.60985
7.12813
0.301
0.9992
5.30025
2.74551
4.97692
10.8531
10.91039
6.58804
7.85933
7.04518
1.8656
0.48432
10.58775
7.87102
4.3839
8.13178
10.6801
9.49084
4.81011
4.47853
4.68476
3.49619
3.28904
2.80372
7.73468
7.09055
8.76858
3.33831
1.00379
7.32726
4.12267
5.69667
4.07799
0.96094
-0.64055
5.8699
-0.89422
9.12719
4.56492
3.41989
7.03235
0.74004
0.30306
6.22255
6.17787
6.13066
4.68545
4.41758
9.78117
4.11488
0.02763
5.15359
8.96152
2.32916
3.07479
9.04722
4.60273
2.80578
6.14625
3.07457
2.85596
3.18203
0.90021
7.24477
1.73567
10.28918
9.64987
3.71319
-0.23543
5.54108
0.18139
6.22324
1.30328
9.25734
7.14486
0.81176
5.18178
4.89695
1.61056
7.17579
10.49839
9.14254
8.03119
1.30534
-0.21755
5.30552
8.60955
5.86027
0.98614
3.30348
3.21755
2.16624
5.85982
8.84167
3.66095
8.13522
4.3784
6.9313
5.93887
9.70326
1.30374
0.72354
4.87152
1.58306
0.82024
7.96267
8.93768
9.52727
4.12107
7.17694
2.73062
9.63405
0.99508
9.27292
2.13966
0.97606
5.91389
4.15979
-0.5741
2.53401
1.45978
6.70284
4.73586
6.21339
6.10706
0.24578
10.03322
9.0793
1.19466
-0.59495
1.73086
6.40976
0.89151
3.96594
3.28882
5.5106
3.19005
9.47205
1.70749
6.16275
1.93022
2.232
6.66663
7.25508
3.78354
3.4153
5.45744
1.14357
0.6949
0.0368
3.59289
6.02113
3.00582
4.07226
5.71385
9.10817
10.50114
0.4905
5.32362
8.84374
5.52274
2.95747
2.9852
8.06602
6.74454
2.78859
6.06513
1.52257
3.09817
-0.63941
0.78358
4.32684
6.25807
1.89791
4.30828
1.67678
1.78998
0.03703
0.9465
1.95542
6.24867
10.29032
8.93723
5.41001
0.58629
3.372
9.14208
4.75924
1.5464
5.26358
-0.52392
2.78836
5.06835
3.28859
2.79822
5.99959
8.28943
4.92445
5.19461
8.90973
7.83046
7.42625
5.33462
9.13567
4.24756
-0.93088
7.16731
2.82136
-0.02553
10.38954
3.39583
-0.55692
9.84189
7.81923
-0.0654
2.55235
2.86169
7.64852
8.79584
5.13114
9.01353
2.94785
7.9141
9.56806
3.29409
5.15061
10.91955
7.00898
6.89807
5.86005
1.60919
6.10729
4.12863
0.98683
9.6682
4.02299
7.18496
6.6939
10.84325
7.04472
4.97715
2.21436
5.4084
4.15934
0.92382
3.38574
6.87286
1.69076
3.67813
-0.60893
4.60021
3.06609
10.8696
5.21844
2.06931
7.20031
5.88456
3.23359
4.95859
0.62341
10.86319
4.1433
3.06311
5.87036
2.50835
8.80295
7.18083
4.74847
1.61675
5.87059
4.14307
3.67401
0.99943
1.16671
6.8834
1.00654
0.91855
7.14096
4.43316
2.76339
8.33687
5.2991
2.14103
5.05071
2.02348
2.06748
7.18588
3.88963
3.21824
3.39376
7.64829
8.07656
3.8092
4.25053
6.82841
-0.66186
3.77094
6.00211
6.00189
4.68499
1.61698
7.46589
4.77688
8.07816
-0.37956
7.61483
0.59179
5.63503
0.93069
9.66041
1.34269
3.42516
4.3289
8.9095
5.17376
2.03906
4.18683
0.59316
1.68549
9.92759
-0.04203
2.21413
9.67026
2.95885
8.50598
3.21182
1.75928
3.21847
3.61535
2.49391
9.80385
1.71276
8.97733
2.09979
4.95951
2.3633
1.84704
3.22695
4.37771
0.50838
4.61052
3.20014
2.81999
2.39515
3.83303
4.77665
4.35892
2.08031
2.026
6.85384
9.00482
6.40999
6.7395
3.74092
3.05532
6.88363
3.96525
7.16823
10.91291
-0.91805
7.72963
4.16942
3.13552
5.1733
9.978
9.41018
9.06944
1.45199
8.83136
1.53815
6.31719
4.38413
2.52599
7.6712
3.58166
9.1996
1.28334
7.27387
4.8871
4.31859
3.96479
5.4123
8.92737
5.68842
2.28906
9.05203
3.99802
0.85713
5.29704
1.57848
8.13155
4.86143
4.34105
6.97277
5.29085
0.84728
3.25971
3.29477
8.02546
3.72167
2.11124
2.53424
7.16365
0.85943
0.43138
7.34169
1.58238
4.45149
2.3853
3.14789
1.57871
7.64875
7.11919
8.57105
9.97777
6.14052
3.90773
6.97208
4.05485
1.3695
0.31223
4.27941
1.21804
3.42539
2.84725
6.31329
7.74293
1.06359
-0.5521
7.90401
0.75425
8.90675
2.0661
7.14898
2.94281
7.64554
4.61075
8.25735
1.34384
-0.2352
6.9219
-0.56608
8.06625
2.45702
4.66093
8.63178
4.12703
4.28009
-0.54615
1.94855
3.4066
10.84302
2.73154
6.6664
2.91966
4.12451
4.30438
1.28357
7.63981
4.1284
6.93221
10.14138
8.07839
5.33301
-0.71571
6.9274
2.11147
7.8921
3.51109
5.12014
5.69712
1.37546
1.58581
5.22417
7.15082
5.76564
10.65146
2.01913
8.69044
6.40266
2.81197
9.79698
0.04596
5.43957
2.80074
8.06991
9.12031
2.40294
3.95104
5.26496
5.91344
6.42489
3.27163
-0.86809
7.80548
0.69788
0.74692
4.26978
3.35779
10.65168
0.79481
7.94801
2.298
3.09427
10.29949
5.33553
7.86804
2.24552
7.07955
10.09945
-0.23932
8.28737
2.31747
0.2263
3.36558
2.3798
2.71366
0.89838
5.96201
4.30209
7.20169
1.01066
3.37749
6.21866
10.14115
5.69689
10.66085
1.60758
5.64144
8.18036
3.18639
7.5839
6.69757
6.07842
3.89811
1.12661
4.68362
3.94554
0.54985
4.2125
3.18135
9.9796
7.03304
1.52349
6.20514
5.96591
3.53675
9.88588
5.32224
4.53009
6.53556
0.60416
0.37983
10.90214
2.76385
2.20061
7.1806
4.60296
3.73244
9.66751
9.01376
8.57128
10.62213
3.90728
5.38938
6.1978
5.25831
7.9322
3.93477
4.93591
4.67216
-0.2918
1.3954
3.74344
9.54377
0.81268
7.80525
2.67517
2.26569
10.6109
2.03333
4.80988
4.0812
0.77785
4.56309
4.5679
4.32821
6.17833
6.2819
10.0071
4.85891
-0.29775
0.91167
8.45671
4.32867
4.89764
0.30123
7.63385
3.02049
7.61438
3.41714
5.21959
2.89744
4.27987
10.79742
1.7343
2.65844
9.5314
1.08284
0.3301
6.67786
4.79888
10.82079
3.71732
9.75413
2.84313
3.28767
9.52865
2.62453
3.63918
4.96684
3.8532
3.91942
3.16279
7.22139
6.21728
7.89531
2.34612
7.4927
1.52303
-0.57433
3.91003
-0.23978
7.98215
8.49108
3.68363
5.28352
4.68568
7.87445
-0.88734
0.06796
7.13569
-0.23497
0.79641
5.61394
10.03804
5.57224
7.70626
0.92794
10.80361
6.40953
2.47489
3.25101
2.48429
6.06971
0.32483
5.22394
9.728
9.19318
8.03417
4.34242
2.19969
6.35981
1.19741
4.4004
5.71408
0.49073
9.40995
2.0386
8.55868
7.16136
2.70954
9.54927
5.98195
4.36579
3.74138
7.3268
2.83648
0.93252
7.15448
5.92604
5.73058
10.43858
9.30317
1.6832
9.25367
-0.29409
-0.33098
7.29518
0.08927
6.26724
5.80551
4.84471
9.25688
5.40886
3.45151
1.14448
2.93135
7.12401
0.22424
4.12428
-0.32136
10.89962
9.66774
1.03128
3.04913
7.89439
-0.64032
5.64075
-0.54637
0.15206
0.18803
7.82015
4.99686
4.163
1.20039
1.41762
2.72902
8.57907
5.46615
6.94
5.85248
6.93634
0.85301
1.8381
6.90403
4.5168
0.51227
1.64402
0.02534
1.8239
2.04342
1.79961
1.26226
9.24657
0.72263
3.30761
7.66914
6.42512
6.48423
2.02463
3.81608
-0.71548
0.89357
7.13959
9.10267
1.76661
2.94487
-0.15843
5.71866
0.18162
9.71265
2.23063
1.73659
-0.67928
5.98149
5.7952
9.08938
10.57378
10.09005
2.18067
4.6575
1.37431
8.52797
4.13413
6.82383
1.11859
2.93502
9.31669
2.03837
0.15
0.7499
1.41671
0.16856
2.68342
3.36879
8.5046
3.22626
5.05094
8.59305
5.45767
2.48452
1.34132
0.4708
10.20921
6.69459
3.57639
2.81449
8.42853
4.73953
2.3908
-0.90063
0.50884
9.02774
1.18183
7.1082
3.17493
7.98376
6.21751
3.85641
6.10775
2.52095
2.49368
-0.52827
4.42446
7.99888
2.74093
1.35392
0.87478
1.19444
0.96117
3.56631
8.70625
3.85022
-0.48221
1.08078
0.78198
0.73225
0.52281
4.12015
2.26752
10.03987
8.37903
2.74506
4.18592
8.84328
0.84018
6.08759
2.31266
3.03699
5.85225
10.53643
8.84351
10.11663
9.95875
0.01205
2.08649
1.37523
9.30088
4.31836
0.80191
2.54387
7.50507
3.00124
2.04319
8.94616
0.8702
0.71575
4.0993
0.10944
7.09032
1.15342
2.71687
3.45265
7.26264
3.8548
8.07633
6.83185
6.7033
6.65311
3.90751
6.47209
3.66736
4.68591
4.5239
1.38921
0.59087
10.39665
4.99663
10.12786
0.88417
3.29294
9.71196
7.14715
2.4671
3.85091
5.64511
4.48266
2.37361
7.63317
7.1719
6.62814
-0.04065
6.96773
3.5631
8.67806
0.72079
3.56654
5.33874
1.33605
0.5785
4.09907
6.45811
-0.77369
0.91144
-0.64972
7.16159
1.71803
1.04641
3.42149
9.56027
2.9105
9.15171
1.12271
-0.15866
10.14161
3.36833
8.53485
1.45085
0.9229
6.52044
7.69916
2.26591
-0.29065
3.68409
9.71219
6.78808
0.6674
2.45496
-0.07892
4.38688
5.35639
4.16002
0.5125
6.92098
9.41041
8.21771
9.16591
5.44575
3.67744
3.18341
6.89211
3.35985
9.3034
4.01589
7.13203
-0.37933
6.80595
10.00825
6.22164
4.31813
2.4726
6.74431
2.66417
3.28309
8.0344
8.02867
3.43043
7.67533
10.73372
4.09151
0.32919
1.00356
3.72877
2.26385
2.06954
5.06675
0.77648
-0.16393
7.66341
1.02579
0.68092
4.75992
4.49068
6.47232
2.35528
3.31815
-0.43936
5.95881
4.49778
5.51587
0.48409
2.81678
2.26362
2.76476
1.12294
2.31243
4.47693
3.21801
10.32103
7.63339
5.54451
1.72834
2.87613
6.16618
3.42859
0.67794
1.20521
0.84911
0.95246
8.38843
6.80366
2.14057
1.32642
-0.48382
4.18752
8.3882
5.96981
10.80384
-0.41416
6.55275
8.25598
1.34453
7.17808
-0.60389
10.07241
0.10165
9.48946
1.41785
3.935
3.97785
1.15319
4.30393
4.2888
1.56221
3.47144
-0.12177
4.0097
6.89257
6.74477
10.86914
3.23245
-0.0418
9.82814
7.12194
0.77968
7.03464
2.34543
5.21936
1.26203
8.33251
0.01159
6.81008
5.57247
4.06103
3.97167
3.07502
2.66531
9.16614
5.56766
4.41781
9.70349
3.09794
6.07292
1.49324
9.97708
8.10268
9.21357
2.56518
5.14557
6.56512
6.90494
7.646
7.07359
3.29432
0.77808
1.70543
10.65191
0.60462
7.168
1.61629
8.45465
5.76587
0.71598
2.15432
7.00302
0.43184
2.68937
2.5056
10.24862
9.10908
3.15683
8.90881
0.48821
2.33603
4.16346
6.02159
4.32455
3.56471
6.25624
4.97119
1.04939
2.2391
8.72618
5.01496
9.8011
8.20305
2.97855
0.89769
1.00127
0.90296
5.38915
9.2232
5.04131
5.41596
3.99779
2.28631
2.67288
4.18729
2.73085
6.31696
10.85814
8.86436
5.25785
5.47898
1.31863
-0.26957
5.32179
1.17542
3.91873
1.73109
5.98218
8.07725
0.21507
0.81291
4.37611
7.16686
8.74887
0.52235
0.85232
0.58583
4.8596
5.19507
8.33733
0.94971
5.44644
9.56852
0.23065
4.56355
4.03674
10.45439
2.94349
10.07264
1.56336
3.47121
4.68339
0.8734
7.47781
3.05028
3.06242
3.23474
10.8987
1.47078
2.82159
2.98062
6.75646
4.37588
3.1401
4.38298
-0.88711
1.14288
4.09243
5.33714
7.0548
6.78304
7.28624
5.91367
1.69764
0.0934
0.46301
2.53883
1.64425
1.53059
2.416
0.82483
-0.93982
0.65961
5.80665
7.13546
1.03151
7.08093
3.22649
2.68892
3.97762
1.08238
5.36578
10.8421
4.38
8.00346
6.88272
9.49061
0.90388
2.39149
6.56169
7.83023
9.35106
1.54548
10.44683
2.02485
3.03859
-0.37475
5.06858
4.44531
2.94624
6.7159
1.17519
9.85587
2.27073
0.94925
4.33486
7.87079
1.34636
1.47972
1.04755
9.53231
5.10639
0.91694
3.37291
0.59224
8.84213
10.92024
1.44901
5.26977
9.35748
6.26746
3.13758
5.4359
8.98649
4.99388
9.55294
1.93434
8.52774
8.64209
-0.8839
10.4395
4.33257
5.98928
2.79203
4.92147
5.40909
9.53209
9.3364
8.03783
2.32824
5.07889
10.29972
7.12011
5.76747
4.424
7.20008
10.50687
2.68914
0.59064
2.79043
4.16048
7.56603
4.92422
5.92581
2.81632
0.77854
1.99713
-0.78056
5.10662
0.63349
0.26503
7.83779
10.15925
6.16297
-0.2698
2.45267
1.61262
5.03948
2.01821
-0.2824
0.724
6.93359
8.84648
0.92359
7.9794
8.63201
2.72924
4.97142
4.90864
8.1201
7.78234
1.24553
3.69073
0.89746
8.03806
4.0647
9.59693
3.35298
6.35385
2.13714
0.78152
4.02712
3.74985
7.17556
3.67286
4.47143
0.78083
2.48658
4.92766
4.27001
6.51746
7.83733
2.26889
5.28718
8.45579
5.16757
5.43338
4.41941
2.83053
9.71448
2.29433
8.79103
0.88922
1.45566
0.59018
4.14582
1.14379
7.15517
3.28836
7.38156
5.35387
4.23587
6.96727
8.40309
9.7138
2.92035
10.90191
5.35364
-0.09977
0.52258
5.98882
6.62149
7.78417
1.91464
5.21271
9.69088
2.59267
1.52326
8.08916
10.76167
8.47115
0.78037
6.93152
4.84516
1.36859
2.11812
7.69893
3.20655
0.14083
10.90054
6.38754
7.57817
0.90365
2.02715
6.07567
2.30281
1.73545
6.24317
1.61721
9.73144
-0.02026
0.89609
5.90335
4.56125
4.13894
0.8938
3.2895
7.28601
4.30415
7.81694
-0.36695
0.71736
6.95352
9.5605
2.73199
5.61372
7.93243
4.05462
6.07017
4.847
2.60986
9.43859
2.3562
10.21837
9.40926
4.11901
1.46001
2.81884
0.24119
2.10872
10.47799
6.20582
8.49796
9.00505
0.80856
3.03836
7.14646
2.14538
4.3037
-0.10069
6.94046
4.94049
7.93128
8.8419
1.03083
8.18059
3.21778
5.90954
5.56697
8.8364
10.87121
6.65472
4.02689
4.53032
2.22398
4.68912
8.28966
1.97719
2.62476
3.16302
7.49957
0.16947
0.72377
7.88752
4.44393
8.19228
2.60253
2.0677
9.73854
3.88642
8.45556
10.85539
-0.45861
6.3204
1.77692
4.22258
1.62385
8.46175
9.21197
-0.88757
10.43904
3.36902
3.52575
5.54039
7.88729
2.1628
4.30507
0.73913
10.11595
5.99112
8.06923
0.07277
1.02029
3.98106
2.23888
2.24942
1.58558
3.03607
8.84626
1.58444
0.50334
3.65728
8.04035
0.0659
4.48403
4.89672
7.39531
3.7785
3.67424
1.53334
4.89787
8.19251
10.01764
1.79502
-0.50925
9.90834
7.44435
10.93216
0.73523
8.5541
-0.02095
2.60276
2.63117
-0.9263
1.0306
0.6186
5.63778
5.97897
0.25403
4.41964
7.64325
1.58948
6.60133
1.81519
1.2618
1.72972
8.77064
0.69513
6.21911
3.66072
1.78471
1.10301
9.84212
6.56214
9.07334
8.75643
5.82247
5.40932
8.76445
0.85782
3.95081
10.6219
2.26958
1.96138
7.1609
1.18367
2.97443
6.83162
0.90869
7.06878
-0.94394
6.47942
1.84727
9.27201
5.32247
0.82437
0.90136
1.39562
-0.11123
7.87468
8.96564
7.75553
5.01061
0.43413
5.42811
1.55534
3.53652
5.8062
10.58042
3.90499
3.81172
6.00166
5.73035
3.0473
4.8706
5.20973
2.40982
6.71659
1.57825
1.68297
5.15428
3.67676
3.19968
7.18931
4.65772
5.58782
4.24458
6.88249
8.98168
-0.39056
3.18753
6.21843
7.2372
4.95836
4.4586
6.20857
4.30874
10.69774
1.6069
2.00515
1.6816
7.64806
1.14127
8.59282
1.75721
3.4664
8.77316
1.79388
1.58902
3.32227
3.29088
0.4488
-0.16072
8.2569
5.07866
8.56395
5.1316
5.14236
0.02717
8.06762
6.06398
2.52439
6.95329
9.25711
7.50278
9.28438
9.69799
2.26775
8.84419
-0.0945
0.79091
7.29861
3.29271
0.79824
6.19849
0.43161
9.04355
0.58926
10.20898
0.04276
6.65151
-0.09473
9.17599
3.38391
8.10039
5.20034
3.28102
8.37949
8.20832
4.66185
1.90158
1.93251
9.47113
6.64326
9.20807
9.20005
0.44857
8.94868
2.74024
2.25927
-0.48451
8.43288
1.60598
9.40903
-0.56562
3.79316
3.43272
5.40359
4.21204
4.27918
1.61767
3.85526
6.74408
1.54594
9.8247
2.26408
2.19305
0.62318
9.06051
6.45193
0.6438
0.78564
0.99852
10.70439
0.25998
1.147
4.27368
6.81512
2.61215
3.30142
1.20498
2.27004
3.06723
3.39422
5.57751
3.52598
9.56829
6.53579
0.95315
1.39746
8.21725
10.15192
2.64102
3.4868
-0.48428
8.45717
2.19992
2.76522
4.31195
-0.51819
10.81461
2.20313
9.78712
4.09059
6.8802
10.03964
6.89188
2.20221
9.90972
10.82102
8.36872
7.15311
2.70221
0.69261
0.5927
9.11504
4.99159
2.45519
8.03623
10.26351
5.79566
6.14854
2.17953
1.90501
2.46046
-0.50627
2.61238
6.24707
8.68952
2.53585
1.38898
1.08353
6.18314
1.0542
4.0136
0.59041
9.16637
8.07977
7.17786
1.24439
10.43927
4.45172
3.04203
2.32985
2.69533
1.95519
3.2006
0.91671
3.66805
-0.81356
4.73976
9.90994
4.27574
2.95816
2.26981
6.81374
8.45442
7.67097
2.80395
7.96245
9.66064
5.91023
4.49847
-0.81906
6.81099
0.7845
0.78679
0.63372
7.80892
5.22623
9.4457
7.63546
6.53327
1.44879
3.94738
3.20082
7.38179
4.71707
7.97986
0.59912
10.03299
2.99139
3.3752
9.62122
1.83604
1.37798
9.97685
4.64993
7.00256
1.00677
10.76419
6.09377
1.0212
0.79412
5.66665
1.70772
0.29161
7.97253
4.40315
4.89741
0.24074
10.00664
1.61354
1.61148
7.65677
9.30294
4.16896
7.42029
0.8954
10.09647
8.58182
7.14623
-0.80966
0.06567
9.77727
3.30783
-0.22145
2.15982
7.04495
2.02577
7.82244
2.65386
2.88117
3.6378
-0.81929
2.70977
0.13121
9.24634
6.31673
5.97278
7.94641
8.57884
8.94914
8.5683
5.47027
6.56398
-0.5505
1.60667
1.72582
3.04936
9.59212
5.1002
3.95471
9.70853
0.92221
4.7684
3.20678
10.49793
8.69731
5.25556
10.92208
5.27389
0.58972
2.89767
8.55593
1.68664
10.54032
2.80509
6.82978
10.67987
9.67003
7.47483
2.53103
-0.62978
7.63935
4.12886
1.79021
8.90996
8.08893
2.80555
9.20624
2.22375
0.93642
3.2352
10.81644
7.49705
1.9183
0.42016
3.32777
1.08055
2.99116
5.29658
6.66618
7.37217
0.62364
1.84291
-0.01613
10.24679
6.72804
5.36234
8.31464
3.97464
3.82249
2.37063
0.52717
2.95793
0.97766
5.21913
0.1516
4.60044
10.00687
6.8126
5.02688
3.99046
6.59972
5.30483
6.70101
1.48866
6.78006
0.82414
3.72144
7.47941
7.11576
3.39216
6.27113
-0.6087
2.55716
7.00279
8.62834
-0.36673
4.68889
-0.48474
1.9749
7.65218
6.92557
5.11693
10.43789
4.51657
7.06924
1.19421
3.84289
4.0702
10.60815
6.60041
7.54861
4.40383
1.22285
1.86537
6.72621
1.00333
2.46985
3.20518
9.93446
6.82749
3.94027
5.22165
3.12039
1.82252
3.33854
7.63362
-0.39285
2.26477
4.47785
5.71889
1.93641
4.17996
10.77359
3.79935
1.73934
6.45834
5.34516
7.29976
4.34196
3.39606
1.91418
1.7178
0.0423
1.00631
5.80849
0.87363
6.60018
3.80852
0.93275
3.2274
-0.16004
5.7182
1.32665
1.02762
-0.55852
2.52485
9.10404
9.80133
5.35043
9.87626
5.88961
9.94111
0.38808
5.95858
2.34566
3.58143
3.36008
6.76104
5.03673
5.02733
3.37543
7.4998
4.39031
8.65813
2.06266
9.05753
1.03747
4.89351
8.27294
4.68316
5.7386
10.71997
7.76011
6.45788
7.4746
6.34606
0.78175
4.63664
0.79206
9.75183
6.87424
10.78069
5.0255
5.71798
5.2425
1.4607
3.68317
3.42034
2.94716
5.41573
0.80168
4.02666
0.26182
2.65752
0.86538
5.00075
3.68042
7.12378
1.63531
1.6085
-0.26705
5.3573
0.28175
0.06544
1.66074
7.04243
8.06694
6.81237
10.43812
3.37268
1.49759
8.76835
9.08961
3.35343
0.92427
6.27205
3.61626
3.68478
5.0326
0.26205
5.18086
0.24372
4.35915
1.61377
10.151
9.41912
5.37036
0.59935
-0.06609
2.74529
1.03793
7.95236
0.98133
-0.02301
9.45211
5.64534
1.36836
5.63525
-0.09427
0.06498
7.91341
2.69396
3.01751
9.10886
1.19306
10.92047
7.71314
9.75115
7.89187
3.48955
0.74669
8.22344
2.87567
5.68865
7.23812
7.64302
0.36425
10.54697
2.85436
5.8188
4.27849
0.0895
-0.73771
6.72598
2.41738
5.44002
6.48401
1.67816
0.18185
3.29248
-0.50902
0.15572
9.31921
4.06859
8.21886
5.14786
9.05776
3.04661
0.60347
10.62442
9.2924
3.42447
-0.10023
9.63428
8.13499
0.68413
3.59495
3.65911
7.8685
3.97831
2.65867
10.20714
2.99001
3.02095
6.28167
4.48724
4.30461
-0.83716
0.72034
0.72102
2.22581
8.97778
3.97739
9.31646
0.7334
0.89701
6.39762
7.16663
6.82131
7.1774
4.6662
0.28382
7.45374
2.72581
5.8573
8.9386
7.63408
7.61506
1.58375
0.12204
9.8027
5.87586
4.40956
2.53562
9.96196
8.56991
4.9091
8.61482
8.04837
-0.59014
4.81996
6.45238
2.29822
1.68641
1.84314
6.15702
4.35938
3.70425
2.94258
5.35776
2.14561
6.47301
3.54362
5.69896
1.17267
10.79971
4.16277
8.30547
2.85459
9.25207
7.02456
6.40335
6.87997
9.96173
7.49682
-0.90659
6.88776
0.01457
8.32083
2.50423
9.2083
2.1958
1.04618
3.42401
3.75031
9.49451
1.58192
3.92011
7.31465
0.73935
5.13068
2.22444
2.49414
9.47182
2.09933
7.89668
1.41693
8.84671
1.80465
5.87196
1.19375
2.45542
9.58845
0.50356
3.75673
8.28164
5.9407
4.4382
6.18818
5.37999
1.16006
6.80985
8.46152
7.58757
10.56644
10.4356
1.95565
4.38183
2.78882
7.90378
-0.24368
-0.74367
2.04204
5.16803
-0.17035
2.29272
4.1268
9.20166
3.54454
5.04796
2.88781
3.52621
6.89486
2.98153
4.32638
5.35753
4.27895
1.02831
5.82017
10.44018
-0.45884
3.03515
5.50258
10.72753
3.28125
4.16988
4.79865
3.69257
6.14602
7.12034
0.93229
4.79452
4.53765
3.16851
3.65751
0.43391
6.36416
6.72163
4.35869
3.13987
7.45558
10.25756
9.90101
6.87378
2.8429
1.71253
1.84108
3.46709
4.95561
2.15799
8.69869
9.18356
8.42142
5.27962
1.26249
10.47776
2.75972
2.23223
4.60571
3.2187
2.86719
8.0651
6.55321
4.16323
10.84348
3.72304
7.59994
3.39697
4.49114
10.18011
5.44759
7.01631
5.83003
6.79312
1.93893
3.59472
7.16915
1.76798
5.55391
7.30572
8.07014
1.34292
1.27349
9.2138
1.19764
6.5335
4.07249
3.18616
7.89622
7.09147
8.41065
8.80799
9.28461
5.8754
3.56539
6.58827
9.13452
4.61992
5.16872
7.49659
7.36644
6.88524
1.54663
-0.72121
3.59083
8.69892
1.48843
4.27964
0.3796
9.98212
2.36445
3.33762
2.29914
1.4426
2.32068
2.80761
8.99543
2.69808
1.52601
2.61009
10.85562
9.64964
1.45245
2.54364
5.6348
0.86882
6.15518
7.22758
5.09402
3.59839
4.42789
4.16919
7.33826
4.51818
2.47604
10.67804
8.61619
3.97258
0.81703
1.76478
4.33188
7.20146
2.221
3.13368
1.35484
9.04538
4.50214
7.66089
6.74615
3.62795
2.22077
2.36422
6.31261
4.58761
4.11557
0.64266
1.23683
6.08644
5.73012
9.52888
3.50673
3.85664
6.23951
8.40286
4.9272
2.30006
8.93608
8.03325
1.375
6.30207
1.94672
6.94298
7.4054
5.56995
9.29836
6.23905
5.21134
2.21459
7.20283
-0.16897
10.61525
7.34673
8.08595
3.65888
8.63086
9.03988
10.86502
5.61349
5.69735
5.98837
9.94225
2.22513
2.39332
1.18894
5.96179
6.78258
4.75099
4.37954
4.30163
7.41158
8.24498
0.8592
1.68366
2.80967
9.40056
0.54779
9.83731
7.04633
8.79561
0.78473
9.45234
8.67829
5.91
1.15731
4.42125
-0.23084
5.34493
0.8427
2.2705
3.11833
0.15229
10.51557
2.74643
2.93066
7.04151
8.94548
6.54587
-0.88917
9.69638
8.13545
7.89347
8.63223
5.13664
7.32955
7.97963
4.13161
6.22782
0.36402
9.35266
2.53768
0.06475
3.68501
9.03965
0.79275
2.6731
8.62788
3.52483
3.37154
0.31635
0.8301
4.4822
1.16029
2.14034
3.69211
2.79868
1.20062
9.39574
2.98176
2.27393
3.18937
3.6252
2.93158
5.71912
10.47891
1.05007
7.09697
2.93685
9.40881
1.45268
4.50191
6.14029
3.44601
-0.8894
3.4428
8.86
6.38845
6.81214
5.58072
1.39471
1.12317
5.40084
6.88982
6.71773
-0.66599
0.86928
4.74434
9.34556
0.85186
-0.21412
7.50484
9.20189
7.42098
5.52527
6.54404
8.93791
1.97742
0.75379
10.60838
1.24645
6.90036
-0.35756
7.95465
2.53791
7.17419
0.22653
0.24967
0.33446
4.24481
5.89488
0.1532
7.87262
7.8229
7.73216
5.61601
0.84934
4.56882
3.50994
8.96495
6.91755
1.50126
3.97854
7.33001
1.23706
2.52393
6.46224
8.55799
7.32978
4.06218
5.11028
8.80272
3.80943
4.77482
0.27488
5.2244
6.97392
3.41737
9.17072
8.13362
1.13486
4.56859
4.29247
9.5511
3.42126
4.79429
0.16833
7.35178
1.97238
5.81238
0.41901
1.85025
1.70039
5.85271
2.78814
1.92151
2.2446
2.21023
3.45563
4.21868
7.78188
-0.93065
2.75789
4.11396
6.47484
9.2122
1.68618
4.12359
-0.67905
3.40568
8.45694
6.90861
2.19878
4.1229
5.51564
9.47136
5.38686
7.85956
9.29515
3.29111
4.9728
0.27442
3.04707
4.36488
9.05799
2.37476
4.38756
5.28696
9.82447
0.31658
6.82108
0.71988
3.67836
1.57573
4.30186
3.22718
6.79266
7.635
2.74047
-0.14239
5.36257
1.07161
0.40457
7.2828
10.37327
5.13182
5.73837
1.61812
8.31441
5.99547
8.98947
5.93864
2.57755
7.66181
0.59293
0.68115
9.11481
0.9339
9.82402
7.9432
-0.27232
4.3014
1.75515
8.64186
6.10798
0.75058
4.28903
0.59201
2.8374
-0.7093
1.5558
4.38229
9.35954
-0.28263
8.94754
6.65701
8.93104
0.3246
4.59677
8.32106
7.45535
-0.12658
5.51656
1.92311
2.37384
10.61502
8.23261
8.92669
5.25533
3.58487
0.48569
9.28484
0.78289
1.59063
5.58049
2.67906
8.27317
2.81357
7.27455
0.94994
8.10818
2.98543
9.55087
1.13509
1.213
9.93217
6.83505
1.65387
10.90993
2.87636
8.07862
5.24227
0.79252
-0.28584
5.28375
8.28714
2.14126
1.85002
6.68267
5.76678
2.65225
10.40169
0.27259
9.8302
0.89998
0.86905
4.10961
10.50022
1.58398
0.06819
-0.69234
6.41847
6.89349
1.61652
2.07962
7.6987
7.2411
6.14075
8.70556
-0.41828
7.12286
6.22553
3.87749
7.55159
3.1896
5.20698
9.29286
9.07242
7.14073
1.15273
8.74864
9.23236
-0.078
-0.26728
4.79613
5.37059
0.03657
5.30162
6.74683
2.70518
4.65727
10.70485
5.86967
5.888
2.6479
3.27988
2.96549
1.11836
-0.11627
6.74638
4.59196
5.28008
0.79068
3.65957
2.40203
9.61595
6.47186
9.57746
3.61351
7.37652
6.81443
7.73491
1.84635
5.63044
2.68319
4.86235
9.47159
7.16525
8.97893
5.11647
6.54862
3.10458
9.35289
6.06032
2.16555
2.84703
3.94394
7.96153
4.85983
5.74181
5.67925
5.87013
3.47855
10.86296
2.26729
0.71965
3.01132
5.22371
5.82567
4.55553
9.86755
3.46732
-0.23795
-0.59472
7.352
2.70083
1.50263
8.33228
7.14119
7.29014
1.51226
7.51126
10.45989
8.13133
10.7839
7.87285
9.28507
5.4579
7.95145
9.66728
1.99415
6.89967
1.84246
8.08412
2.52049
5.61417
8.86321
0.49234
2.34726
5.52343
5.47187
7.3543
5.50189
8.66592
4.1866
10.05064
7.70649
7.55709
8.72641
4.23747
2.47283
10.5339
9.20028
8.79012
10.00733
2.75812
7.42923
9.5495
7.14303
-0.01591
6.93473
5.31926
7.18565
4.17675
4.31217
6.35408
2.05235
5.07798
6.80618
3.13529
3.07273
4.71661
7.89301
-0.43364
1.34155
5.29979
0.08904
2.80532
0.312
6.69413
5.32201
8.34397
4.7959
2.14424
0.27923
3.317
0.94536
3.09267
-0.56081
-0.29821
-0.2297
7.41456
1.03106
10.43194
7.49247
4.2141
7.07291
1.88531
10.71218
5.44781
0.562
-0.28561
2.8154
9.93515
1.8892
2.15936
10.49999
1.62133
6.81352
7.15586
4.85525
3.41966
6.23928
8.41042
9.14162
6.15495
6.23699
8.6579
7.39554
-0.84678
5.09997
0.63922
-0.00605
3.83349
8.05662
9.46082
6.02938
6.75715
8.50873
7.657
0.85164
-0.04913
-0.21732
0.72148
9.86137
8.59328
4.37794
8.9276
7.78211
2.78905
3.23336
0.8844
4.34082
-0.32158
4.15956
10.42254
7.65195
5.57018
6.38731
-0.44372
2.8303
10.60127
3.94463
-0.6724
10.58798
4.90841
1.54251
2.93043
10.42231
0.68207
0.12341
5.67283
2.55349
9.83685
3.5434
0.54962
9.60427
5.30116
2.71641
1.1729
7.89462
10.8767
5.13709
5.07683
3.98129
5.31881
0.8663
1.50859
4.35686
0.7822
1.54571
3.52552
8.02936
3.19945
10.67277
9.17027
0.41924
5.56032
0.17497
0.88211
6.75669
1.37569
0.4158
0.20911
6.82612
-0.57846
0.84957
0.22332
0.26159
2.04273
6.99202
1.54526
4.11236
0.15343
9.93469
3.11742
0.7877
0.04253
5.40382
9.6336
-0.1346
9.54973
7.34857
7.22987
2.96526
10.36846
2.72604
1.32276
5.72645
9.61618
4.5553
5.32156
5.13205
5.43979
4.6025
10.62052
-0.71296
8.87696
1.95588
3.45334
5.43934
4.41804
5.06262
1.70062
0.15091
0.62203
5.28741
1.12684
2.86788
7.98353
3.06746
1.96115
8.87261
3.72946
10.05889
-0.55898
2.94808
1.53174
7.62102
4.74915
4.58188
6.60064
8.8623
7.03487
9.15423
0.19789
0.8262
4.6536
0.01434
10.86479
1.01387
7.13592
0.78977
6.85362
7.70672
5.15955
7.87491
3.67515
2.22238
2.99368
4.74617
2.17036
9.16568
6.07132
0.86561
9.94432
10.03941
2.54982
10.58317
4.01085
9.12375
9.44593
5.23334
7.34834
10.31713
9.86022
4.2636
9.34579
0.68161
5.07775
1.18298
4.75213
-0.35939
-0.33235
-0.93959
8.86252
5.29268
8.28691
6.89624
1.12867
4.75901
4.63871
1.76844
0.1752
4.95882
6.01655
7.41135
3.40522
7.8135
-0.27003
7.76859
9.78575
2.14493
3.18112
10.86983
0.52121
4.07661
7.02731
6.8779
9.54904
4.73105
1.11561
1.74644
6.42901
6.22186
9.4709
1.41602
2.74231
0.27602
4.0537
10.64596
8.83892
10.09166
9.05867
1.58971
7.66112
3.45311
5.06881
6.65128
6.94344
8.0289
-0.09313
7.68426
0.75104
9.06211
-0.36902
1.2217
7.00852
3.91484
2.50583
9.56508
1.15296
3.12933
6.62172
2.56312
1.61423
0.23088
0.14977
7.34146
2.62659
4.29751
5.18109
1.02785
-0.42951
2.56541
2.45588
4.61167
0.82047
6.37264
4.29728
5.00327
7.15059
0.23203
6.01747
8.08389
2.22123
9.64689
7.80434
2.26271
4.10549
1.58261
8.66317
3.62314
10.7619
3.88024
10.12809
5.38709
2.92196
1.33582
5.30093
9.03576
0.85209
7.90424
4.82569
5.11464
5.0766
0.39908
-0.63368
2.72627
-0.57387
-0.68363
7.09193
8.86505
0.23844
1.32299
4.96249
7.55801
2.86604
1.05237
3.37131
1.31542
7.50301
8.50735
3.86351
4.37267
6.87745
6.0759
7.99865
9.7539
3.58304
-0.83991
8.12308
2.0425
0.91534
3.75283
0.34568
1.07138
0.84889
6.39006
-0.05005
-0.14308
6.88318
9.8412
-0.48199
9.05088
7.35453
1.56496
3.73611
8.20786
3.38322
6.47896
10.94178
-0.50857
6.46201
5.8259
9.5534
2.13301
10.31668
9.47251
7.0878
8.75712
9.93194
8.1398
2.85619
10.78344
1.72399
8.3442
8.94891
8.43311
3.85205
5.8644
6.32429
7.79471
3.43684
4.14559
6.77204
6.61783
2.74689
1.9442
7.19252
6.44803
0.87615
1.93274
8.96129
1.04251
0.05559
6.07155
4.89718
4.09265
7.7427
-0.78079
4.24504
6.0264
3.96571
6.50967
8.79126
0.93527
0.12731
5.96018
6.90197
9.63612
0.91877
2.95701
1.84039
6.36852
2.95587
2.68365
1.73865
2.29525
9.5259
5.61578
7.5658
3.62543
9.13429
9.0848
6.81054
8.42371
6.77983
10.93674
2.29593
5.95995
4.82019
9.64276
4.26635
4.44462
6.69505
-0.49688
2.20336
6.32085
2.15753
4.25397
0.95727
10.69339
1.12248
7.58367
1.13211
4.11419
5.02802
0.99485
1.2075
1.6415
8.28783
0.87661
8.02202
3.38597
2.92218
0.42726
0.98271
1.46551
5.98814
5.48769
5.15405
1.13096
8.17715
3.75879
0.46071
1.62454
7.78394
0.51525
10.70003
10.2296
8.21107
6.41022
1.87752
1.14815
10.09188
-0.78102
-0.24413
2.40936
4.05576
4.44554
2.06908
5.06285
1.0872
1.93824
1.71551
4.42468
1.69053
4.84127
3.67859
1.6557
1.29915
4.17698
3.04959
5.40817
7.9228
6.6428
5.15313
4.46685
7.66777
2.08902
0.8482
9.86732
7.00989
4.70905
0.40068
10.61983
2.83694
10.40467
9.82493
-0.47694
2.83603
1.99209
3.45907
6.83574
9.94202
2.93204
10.55499
1.92999
4.24939
1.99438
5.94093
2.9978
3.32617
9.19295
8.55387
2.52943
4.31149
9.316
-0.14262
1.41648
2.34772
3.534
9.13979
-0.81585
8.99199
1.9128
2.39538
0.94696
1.27326
7.15219
2.2304
5.54818
7.84604
8.02592
1.4788
-0.60297
6.81397
3.95173
9.11046
6.1923
-0.40385
9.76352
1.37454
6.80893
0.98294
9.79491
1.29228
0.65457
1.39792
5.28398
5.48081
3.62566
-0.14996
3.39995
-0.19395
5.53649
4.26612
6.46109
-0.2439
5.20011
8.68929
4.16965
9.32517
6.29267
9.53346
3.92171
1.62706
3.36627
7.58734
10.1824
8.28027
3.39353
1.22629
0.1642
6.51013
4.56148
2.73795
6.64853
3.49711
0.04069
1.74599
7.1428
1.08032
3.58212
6.75692
4.99205
0.07323
1.26157
0.98431
4.06172
2.03815
6.92878
1.72949
1.72605
6.07544
6.85224
2.53195
6.1797
4.84769
4.207
8.86207
5.40336
5.17261
7.37629
2.71893
4.27712
10.51786
2.02738
10.44041
3.42561
10.85677
7.70603
9.27315
1.04962
0.66992
2.45313
1.20085
5.13732
8.87192
5.16001
7.59375
1.08765
-0.52781
3.85893
7.55182
0.94627
0.21851
6.47599
9.92805
9.49015
4.97326
2.29983
2.3012
3.3186
6.07498
6.07819
10.61479
5.86394
8.99749
0.65365
2.02188
9.84785
6.2489
4.34609
5.63067
3.08648
7.42212
10.43216
-0.86764
0.50929
8.61597
7.37354
4.14261
2.97374
6.04978
8.99245
2.50262
0.44376
9.62008
9.59716
6.51723
-0.00582
2.74483
5.29108
2.67792
9.63383
4.47716
6.36645
4.85227
6.62699
0.79137
4.01062
7.02754
3.75558
5.54933
10.42621
5.9666
3.7235
2.52416
9.05821
6.92832
3.85228
10.00321
6.21362
10.76144
6.87401
0.81635
2.39469
10.857
0.94856
1.30007
2.19076
6.7065
10.75342
9.67415
6.20101
3.22351
4.45424
0.1021
1.87179
3.8493
1.02853
6.88753
5.50212
8.11872
6.82703
9.24382
5.01244
2.64492
4.87037
3.44761
10.79444
4.37817
5.75349
10.4851
3.85801
7.2867
6.45697
3.1841
-0.12452
1.62248
-0.88368
7.09674
3.34106
7.29884
4.66345
9.61572
9.86114
7.76217
7.37011
10.72387
4.73495
2.19832
2.37132
2.14836
0.78541
2.79845
9.19753
2.9671
5.46592
4.50603
9.04836
10.34005
5.40313
6.50623
7.63477
2.67677
5.0129
5.41253
1.15365
3.15958
3.00536
1.36446
7.93266
5.76839
1.68228
2.35666
8.86275
3.4499
1.05512
4.43935
6.4572
0.50906
3.06288
0.87065
3.74069
2.19053
5.15336
1.60781
0.47034
4.92216
0.4449
6.32063
5.92627
3.09313
5.14259
-0.35023
0.19422
-0.6197
2.26935
9.07907
1.85918
9.92644
7.47758
5.63457
3.11856
-0.03309
1.69099
10.78367
-0.22466
10.36617
2.16257
9.53323
8.87719
4.56836
4.23197
8.36895
9.20647
6.4753
6.65724
2.27027
3.5065
5.42719
7.5855
8.73375
-0.57479
10.89389
7.35223
8.41638
8.47229
7.819
10.87648
6.03511
2.33924
5.49089
9.10794
3.28538
2.52989
4.81331
10.80338
4.21891
8.98076
5.15726
3.17699
9.54538
0.97033
9.79148
10.5417
0.91923
0.80833
6.0484
8.86459
0.54802
4.72441
8.19044
7.17442
2.35803
8.58984
3.84609
5.41482
7.66318
7.19137
10.25916
10.34784
-0.51223
-0.51842
0.82987
2.40684
1.87087
7.52066
10.28162
-0.07915
-0.05761
3.85916
10.27887
6.85407
10.72409
7.18106
4.27803
4.44141
6.61806
9.10771
0.17612
1.2256
7.94778
9.81256
7.27982
1.84337
0.69353
6.2913
1.32482
1.49782
2.25675
8.04815
7.19206
0.82643
9.81279
2.97649
7.16113
3.52506
1.30626
7.46245
9.95188
-0.91782
1.99232
-0.16027
1.71391
9.37123
1.831
7.54426
2.28608
0.66786
-0.7439
2.77164
9.08113
7.13936
2.81311
0.80122
8.67554
2.94922
7.54884
2.37499
-0.94005
9.14598
1.75996
5.67948
2.48727
5.23609
9.58868
2.28768
8.93631
2.74208
2.48406
6.27182
1.6431
8.7562
0.4378
6.24363
7.13982
9.66568
1.4898
2.38599
6.13112
4.86166
7.72551
0.06361
3.38345
-0.61099
2.3578
1.62041
4.35984
7.64073
7.9833
2.14516
2.00492
2.04296
7.89324
3.41462
8.87329
10.53597
6.9368
4.82683
1.84131
6.08094
1.29961
3.42699
8.24131
2.80715
-0.42218
3.38368
-0.74413
2.39309
5.4524
2.02508
6.70123
5.14809
10.33822
9.04424
0.7421
3.6598
2.51843
0.33033
4.59975
2.63071
4.32294
9.1194
1.0377
5.80597
5.66229
1.7288
2.83671
4.07684
9.95257
4.63641
2.05946
2.83763
5.30139
6.47874
1.10415
1.19054
0.78106
10.5653
6.34881
9.37718
10.66062
4.54682
4.53215
2.66142
4.47349
10.55796
6.22988
6.94252
4.57065
2.56334
-0.81379
8.72252
7.55136
7.57015
1.07688
4.24389
4.94782
8.76812
1.60575
1.48774
2.28448
7.98192
8.13453
9.41064
0.24051
9.90399
0.68184
10.0967
-0.34129
1.04893
4.30278
6.88409
6.22759
6.60751
2.69029
2.29708
0.70727
-0.3665
1.70566
6.61164
9.83501
6.93015
1.42358
9.96517
7.26722
2.23819
7.75576
3.29569
5.90312
3.94531
8.72183
9.41866
6.03832
5.01313
-0.34083
7.90058
1.42381
-0.50146
1.3443
7.34742
4.38779
7.90012
3.61099
4.26383
5.64602
8.70533
5.5342
2.91943
6.33392
7.79517
5.64786
-0.22076
9.58983
3.95746
6.2253
-0.83785
2.00469
2.15959
7.75644
6.2017
5.29291
3.04226
7.33207
0.78793
10.68033
6.86255
3.67882
1.51043
1.46918
6.42397
0.67657
4.60319
3.60206
1.5244
4.78307
2.96801
-0.53125
10.72799
6.88088
5.28787
6.71796
2.67723
6.56054
0.78312
4.4767
4.36877
0.51204
2.8484
2.71
3.68386
4.42148
6.36325
6.07315
7.38592
6.70353
3.43341
9.07403
5.71775
7.81602
0.52992
7.90035
4.65795
7.03212
1.75561
-0.83739
2.79066
4.09288
2.20198
3.30806
8.9881
-0.1605
0.13579
6.90265
6.17741
4.44302
0.30077
0.15183
4.73747
5.20767
3.82272
5.36853
10.0275
5.72966
9.69386
9.19226
0.89036
3.23268
5.79863
10.2791
3.66759
8.79149
5.82934
0.88669
-0.11146
-0.70998
8.02981
9.7775
3.25124
7.16388
3.98289
0.85255
8.94295
5.59653
5.75029
1.03678
1.67839
6.6121
8.53851
1.64448
7.38454
2.33328
3.39285
2.1809
7.16548
0.02259
2.83282
-0.66553
1.77669
5.56147
0.72011
2.02279
9.44616
3.72213
7.27547
3.36604
10.62075
2.61032
10.85035
-0.36421
9.35312
7.82771
4.75717
5.86944
3.35756
2.76247
3.25147
1.23751
8.70739
5.11051
10.9081
1.7563
6.92076
3.66713
1.84681
4.11076
6.67374
1.79479
0.38258
1.80671
8.40103
1.46322
0.17635
5.74158
9.12604
0.073
10.52749
1.95634
